10,559
10,558
12,15
10,557
10,556
10,555
10,554
10,553
10,552
10,551
10,550
10,549
10,548
10,547
10,546
10,545
4294967279,403
4294967279,402
10,578
10,544
10,543
10,542
10,577
10,541
4294967279,401
12,14
10,540
10,539
10,538
10,537
10,536
10,535
10,534
10,533
10,532
10,531
10,530
10,529
10,528
10,527
10,526
10,525
10,524
10,523
10,522
10,521
10,520
10,519
10,518
10,517
10,516
10,515
10,514
10,513
10,247
10,236
10,227
10,414
10,413
10,511
10,510
10,509
10,508
10,507
10,506
10,505
10,504
10,503
10,502
10,501
10,500
10,499
10,498
10,497
10,496
10,495
10,494
10,493
10,492
10,491
4294967279,400
10,490
10,489
10,488
4294967293,131
4294967293,130
4294967293,129
4294967293,128
4294967293,127
4294967293,126
4294967293,125
4294967293,124
4294967293,123
4294967293,122
4294967293,121
4294967293,120
4294967293,119
4294967293,118
4294967293,117
4294967293,116
4294967293,115
4294967293,114
4294967293,113
4294967293,112
4294967293,111
4294967293,110
4294967293,109
4294967293,108
4294967293,107
4294967293,106
4294967293,105
4294967293,104
4294967293,103
4294967293,102
4294967293,101
4294967293,100
4294967293,99
4294967293,98
4294967293,97
4294967293,96
4294967293,95
4294967293,94
4294967293,93
4294967293,92
4294967293,91
4294967293,90
4294967293,89
4294967293,88
4294967293,87
4294967293,86
4294967293,85
4294967293,84
4294967293,83
4294967293,82
4294967293,81
4294967293,80
4294967293,79
4294967293,78
4294967293,77
4294967293,76
4294967293,75
4294967293,74
4294967293,73
4294967293,72
4294967293,71
4294967293,70
4294967293,69
4294967293,68
4294967293,67
4294967293,66
4294967293,65
4294967293,64
4294967293,63
4294967293,62
4294967293,61
4294967293,60
4294967293,59
4294967293,58
4294967293,57
4294967293,56
4294967293,55
4294967293,54
4294967293,53
4294967293,52
4294967293,51
4294967293,50
4294967293,49
4294967293,48
4294967293,47
4294967293,46
4294967293,45
4294967293,44
4294967293,43
4294967293,42
4294967293,41
4294967293,40
4294967293,39
4294967293,38
4294967293,37
4294967293,36
4294967293,35
4294967293,34
4294967293,33
4294967293,32
4294967293,31
4294967293,30
4294967293,29
4294967293,28
4294967293,27
4294967293,26
4294967293,25
4294967293,24
4294967293,23
4294967293,22
4294967293,21
4294967293,20
4294967293,19
4294967293,18
4294967293,17
4294967293,16
4294967293,15
4294967293,14
4294967293,13
4294967293,12
4294967293,11
4294967293,10
4294967293,9
4294967293,8
4294967293,7
4294967293,6
4294967293,5
4294967293,4
4294967293,3
4294967293,2
4294566162,0
4294566161,0
4294566160,0
4294566159,0
4294566158,0
4294566157,0
4294566156,0
4294566155,0
4294566154,0
4294566153,0
4294967293,0
4294967278,364
4294967278,156
4294967278,44
4294967278,317
4294967278,155
4294967278,43
4294967278,228
4294967278,154
4294967278,42
4294967278,350
4294967278,153
4294967278,41
4294967278,349
4294967278,152
4294967278,40
4294967278,348
4294967278,151
4294967278,39
4294967278,316
4294967278,150
4294967278,38
4294967278,347
4294967278,149
4294967278,37
4294967278,315
4294967278,148
4294967278,36
4294967278,314
4294967278,147
4294967278,35
4294967278,313
4294967278,146
4294967278,34
4294967278,227
4294967278,145
4294967278,33
4294967278,345
4294967278,144
4294967278,32
4294967278,312
4294967278,143
4294967278,31
4294967278,397
4294967278,142
4294967278,30
4294967278,226
4294967278,141
4294967278,29
4294967278,310
4294967278,140
4294967278,28
4294967278,309
4294967278,139
4294967278,27
4294967278,308
4294967278,138
4294967278,26
4294967278,225
4294967278,137
4294967278,25
4294967278,344
4294967278,136
4294967278,24
4294967278,391
4294967278,135
4294967278,23
4294967278,342
4294967278,134
4294967278,22
4294967278,363
4294967278,133
4294967278,21
4294967278,341
4294967278,224
4294967278,20
4294967278,340
4294967278,223
4294967278,19
4294967278,377
4294967278,222
4294967278,18
4294967278,307
4294967278,221
4294967278,17
4294967278,306
4294967278,220
4294967278,16
4294967278,305
4294967278,219
4294967278,15
4294967278,304
4294967278,218
4294967278,14
4294967278,376
4294967278,217
4294967278,13
4294967278,339
4294967278,216
4294967278,12
4294967278,375
4294967278,215
4294967278,11
4294967278,374
4294967278,214
4294967278,10
4294967278,303
4294967278,213
4294967278,9
4294967278,338
4294967278,212
4294967278,8
4294967278,384
4294967278,211
4294967278,7
4294967278,337
